0.047 0.293
0.047 0.293
0.093 0.586
0.140 0.879
0.186 1.172
0.233 1.465
0.280 1.758
0.326 2.051
0.373 2.343
0.420 2.636
0.466 2.929
0.513 3.222
0.559 3.515
0.606 3.808
0.653 4.101
0.699 4.394
0.746 4.687
0.793 4.980
0.839 5.273
0.886 5.566
0.932 5.859
0.979 6.152
1.026 6.444
1.072 6.737
1.119 7.030
1.166 7.323
1.212 7.616
1.259 7.909
1.305 8.202
1.352 8.495
1.399 8.788
1.445 9.081
1.492 9.374
1.539 9.667
1.585 9.960
1.632 10.253
1.678 10.545
1.725 10.838
1.772 11.131
1.818 11.424
1.865 11.717
1.911 12.010
1.958 12.303
2.005 12.596
2.051 12.889
2.098 13.182
2.145 13.475
2.191 13.768
2.238 14.061
2.284 14.354
2.331 14.647
2.378 14.939
2.424 15.232
2.471 15.525
2.518 15.818
2.564 16.111
2.611 16.404
2.657 16.697
2.704 16.990
2.751 17.283
2.797 17.576
2.844 17.869
2.891 18.162
2.937 18.455
2.984 18.748
3.030 19.040
3.077 19.333
3.124 19.626
3.170 19.919
3.217 20.212
3.263 20.505
3.310 20.798
3.357 21.091
3.403 21.384
3.450 21.677
3.497 21.970
3.543 22.263
3.590 22.556
3.636 22.849
3.683 23.141
3.730 23.434
3.776 23.727
3.823 24.020
3.870 24.313
3.916 24.606
3.963 24.899
4.009 25.192
4.056 25.485
4.103 25.778
4.149 26.071
4.196 26.364
4.243 26.657
4.289 26.950
4.336 27.243
